330 - 15511

Campania 71, 9. 82, 32. 91, 13. Cascae duo 34, 19120.

1085113. 110, 21. 124, 22. 0511511511111151179,37.

130, 7. 130, 19. 150, 23. 222, Caspius 5 515. portae 177, 30.

23. 235, 15. 239, 221 27. 11551305, 0.

300, 37. Cassiope 179, 37.
Campanusaum. agario, 1. 39, 005111513310. 36, 4. 41, 231 ,

25.1)51115112034.11580,14. 27.111,39.171,1a.188.su 1
ί98115195158 lvaeruus L. 29911991 2293399159911191155 i
055151511150115131,17.17820.5115151151.1
555111. 5. Cynicus 231, 38. Cassius Scaeva 28, 23124. '
Tib. Cannutius 270, 23. CassiusParruensa'sqaadaraepialaid Ι·
05515055 4025. 74, 12. 203, 8. 39, 29.

055150115515515. 0505154018 05111111Ρ5151155101,30080

75, 27. 5115110151, 19. 90,17.05111558515111103,35.125,29. ·
Canus choraules 205, 14. 215, 17. 200, 7 290, 29. 1
Capita 05051539, 39. Cassius Chaerea 144, 27. 1451
Capitolium 0, 19. 7, 35. 80, 181 81291 33.

34. 129, 4. 194,1. 222, 0, 051115115111515144,30.145,0 ἰ

230, 21 233, 15. 241, 22. 244, Cassius Longinus 130, 1. 145, 7.

15, 17. 249, 18. 250, 27. 253, Cassius Longinus· 15111 consultus 1

38. 855515511201, 29. Capuae 188, 20. “

1081314838. 051151115511510,25.95,27.128120
051115115515515.51551285. 5105115111213,11. ἵ

134,29.551151555249,11. Castricius 04,.0 i

15111 279,20.1.1511111151,011111557, 18. 8171211201

Venus. 39, 9. 79, 32. 2
Cappadocia 119, 14. 230, 10. 0515 (censorius) 2089 291, 21. 1·

295, 34. 5111111151 70, 15. “
Cappadox 102, 30, Μ. 0515 (Uticensis)7‚ 28. 9,.’19
Capreae 71 10. 79, 25. 82, 33. 10, 8 14, 20. 23. 12. 480 .

8319 13. 103, 15. 111, 3. 70, 20. ·.·

112, 29 110, 38. 117,19. 0111101244 23127.

123, 2. 210, 34. 051105 5151151221 19.
Capreensis secessus 104,1a 0515115111. Valerius. .
0511155515 104, 24 Q. 0515151 051)115115517,35.89,-Ι
capricornus 11115181, 21. 18, 27. 199, 22. 200, 20
05115533,18123.103,13.14838. 259, 20.

Capys 33, 23124. 05151155 domus 204, 33.
Caranus 303, 28. Cauchi 100, 15.

carbasus 155151305, 24. Cauchius 100, 10.

Carinae 93, 30. 204, 3. Celadus 08, 10.

Carmeli 1151 oraculum 228, 1. censores 5814.

Garrulus 112, 101 11. 555151 50, 19. 95, 30.
Carthago 2922 9. Nova 203, 21 centumviri 55, 8. 231, 0. 245,
Carthaginiensis 29¹ 30 19· 271. ²1· 290 l‘i·

 

