1111111111 1101111111. 339

0011111139, 21. 53, 1. 80,
32. 88, 9. 171, 4. 294, 31.
295, 20. Caesar 40, 37. 41,6.
42, 1; 34. 45,21. 54,18. 59,
24. 68, 30; 31. 80, 37. 81,
ll. 88, 13. 188. 27. 265, 20.
268, 28. 299, 15. iulius Cae-
sar 200, 12, Divus Caesar 81,
36. Divus lulius 38, 16. 43,
26. 45, 19. 52, 13. 81, 5. 84,

internum 11111304, 33.

1111111194, 23.

lusepus 228, 4.

1111111272, 31.

Isauria 281, 28.

Isauricus 1811111111.

1111111 11111214, 24.

hiacus 241, 25.

111311110111111 190, 14.

1111111111 20, 9. 128, 8. 177, 27.
189, 4.

Isthmia 181, 3.

11111113, 11. 17, 20. 19, 7. 23,
26. 30, 28. 32, 24. 33, 26.
43, 8. 44, 37. 45, 4. 60, 9;

31. 136, 33. 15618. 157.16.
218, 19. 228. 10. 260, 15.
epistulae 12, 29. ad 0111111111
25,13. ad familiares 25, 14.
adservatum 25,10. orationes
12. 65, 5. 87, 290, 13. 94, 24, 9. divinatio 11 actiones 11
14. 102, 7. 126, 6. 155, 36. Cornelium Dolabellam 4,16. 23,
159, 29. 160, 30. 184,16. 221, 34. 24, 8. pro Bithynis 21, 37.
15. 229, 9. 237, 29, 245, 9. pro 0111111111 24, ll. in G.
247, 24. 271, 29. 191111112926.11111111111111
111111 res 298, 9. 1111111124, 17. 27, 20, 1111111-
1111111 230, 36. 292, 8. tirones 1111111111 25, 5; 8, de 111-
177, 31. logia libri duo 25, 4; 6. rerum
Iuba 16, 28. 26, 7. 27, 19.29,11. 1111111 commentarii Gallici 11·
vilisque belli Pompeiani 24, 21
-25, 4. Iler poema 25, 6; 8.

Iuba iilius 131, 7.
Iudaea 79, 1. 162, 33. 209, 9.

111, 32. 228, 1, 131, 1; 11.

Iudaeus 72, 22. ludaei 36, 3.
101, 38. 161, 6. 226, 34. 229,

11. 111, 11.

111111111129431. 1111111111-
111111, 111911111101111111, 111111
collectanea 25, 20.

Caesarianus aum. nex 171, 18.

luduicus 1 um. exercitus 22l,25. partes 289, 18.
228, 35, fiscus 248, 32. ritus Iulius 1 um. basilica 136, 14.
101,36.11111111111111242,141111 290, 14. curia 146, 20. 11111-

· 248, 34.

Iugurtha 6, 38.

111115, 9.

caesar quid? 288, 13. ¹
1111111 Caesar primus 286, 21.

lia 148, 23. lex 33, 19. 39,
25. 185, 27. mensis 31, 9.
286, 13. portus 43, 38.

Iuliani milites 30, 17.
0111111111 22, 35. 23, 3. 45, 21.

0. 111111011111 primus 140, 25. 11111 dictatoris 111113, 12. 10,22.

0. Caesares omnes 143, 24.

12,10; 21. 22, u. 35, 13.

Caesar Strabo 24, 5. oratio pro 81, 24.

Sardis 24, 7.

L. (11111 1111111130, 22; 25.

1111101111111111111115,3; 6. Iulia ungusta 126, 4. v. 11111
Iulia dictatoris soror 30, 5. 39, Drusilla.

21. 11, 11.

01111111 Caesar 1111111113-37.

111111 Augusti f. 46, 9. 65, 363

38. 66, 8-627441' 71, 23. 89.

 

