Mo 1mm

30; 32; 38. 90, 35. 91,11; Caesari. e. Augustus 62, 6. 01
36. 106, 30. 121, 16. 129,10. 24; 30. 82, 23. 286, 30; 333
lulla Augusti neptis 66, l2;17; 38. 287, 1. 296, 38. 298, ll.
mmanmum mmmmmnmfflu2
11111166, 28.67,16. (163, 12.) 26. 253, 4. 266,13. Caligula
C. Caesar Augusti 1111114315. 133, 2. 151,23. 61111111117,
51, 23. 58, 34. 63, 30. 66, 5. Nero 215, 27. 268, 31. 290,
11-36. 68, 21. 79,1. 92, 51 17. 299, 35. Galba 204, 28
183 313 38. 93, 1:33. 97, 12. 211, 10. Vitellius 218,2 28
172, 5. 261, 31. Vespasianus 227, 19. 231, 34.
11. 611111 Augusti 11111149, 15 S Iulius Gabinianus 272, 20.

51, 23. 58, 34. 63, 30 66, Clutiusliypinua 265, 18 287 36

11-36. 92, 5. 93, 33. 97, 12. Iulian Marsuas 73, 32. 79, 13

115, 26 264, 31. [11111Μο11111111 265,27. 306, 24.
61111111148,11. 611111111111-[111111Τί11272,26.

1111158, 7. lulius Vindex 190, 26. 191,18.
111111 Tiberii neptis 163, 12 192,1.193,24.191,.223,0
6. 611111 (1111101131.) 108, 23, 204, 24. 206, 27.

28.113,.1 117, 6, 32. 118,.6 1111133, 25.

119-146. 151, 6; 12; 23; 29. Iunilius 304, 36.

152, 4; 32. 153, 11. 157, 13. 1111111111Ι Gracchanus 281, 5.

162,2. 166, 21. 172, 263 32. 0. Silanus 7, 23. ’

173, 14. 183, 12. 202, 3; 11; Iunius Nouatus epistola 61, 37,

15; 17211, 20. 216,11. 217, 62, 1.

1. 223, 6. 225, 28. 227, 22. IuniaaSaturninns 49, 30.

290, 19. 111111111θαὶ111301,30; 36.
Gaiana nex 236, 6. Μ. Silanus 123, 21. 129, 24, 30
Caligulae 1111111 121, 22. 125, 111116111111111,111, Silani 1123.

143 163 17. 129, 31. 130,11. 21; 27.

133, 3. 135, 33. 137, 20. 146, Appius Silanus 149, 29. 16311.

7. 290, 21. v. Agrippina, Dru· 165, 36. 166, 1; 4.

11111. 11, Silanus, Appii l. 149, 29. 160,
11111 Liuilla, Caligulae soror 121, 9. 162, 23; 29. 163, 14; 16.

22. 163, 12. 111116111111, Appii f. 235,11.
Iulia Drusilla, 61113111161111130, Iunius Rusticus 247, 22.

38. 138, 28. 146, 13. uno 243, 37.

11111 Tui filia 237, 7; 19. 241 ΙΙΊ11111111 34, 161117. 80, 28:

4. 252, 10. 253, 22. 15. 1413111116 33. 199,
6111111115226. 199, 12. 2111 14. 203, 28. 204, 38. 243,

7. 238, 38. 16 250, 37. 303, 11. Optimus
Caesarum aedes 199, 17. donn. auximus 32, 21. 17, 25. 80,

199, 211. imagines 124, 33 i 1.9 222,7.228,8.61ρί1111-

129, 9. memor²⁴¹ ·111111111146 ..1,35 28. 49, 20. 52, 5. 81,

2211111111 ⁰² ‘1 mapa 12 30, 22, 108, 25. 128, 37.

190, 5. ’” 6. 243, 30211, 28
ΠΜ-ι Ἃ ν· u ¹ ’111111 179, 37. 61-

 

 

