1011111511 1501515555. 325

157, 31. triumphus 17, 4. Antiochia 106, 25. 119, 16.

17. 57,1. antisophistas 91, 31. 251, 7.

is (1111219, 33. L. Antistius ll, 9.

915 170, 28. Antistius 1515155134, 30.

1,35. 25, 5. 72, 23. 128, Antistius Labeo 63, 12.

12,25. 177, 20. 213,10. 1151151561, 26. 102, 34. 121,
19519191 299, 21. 93 1Ιξίὲ,722.189417, 15. 172,
nes , . . , . , .

11555 secures poltseque Antistinos Fortunae 145, 6.

3. Antonii 44, 36.

rvius vicus 121, 28. C. Antonius, triumviri patruus
116, 18. 89, 34.

tum 300, 15. M. Antonius triumvir 22, 37. 32,
uestrum 58, 3. 89, 24. 20. 34, 34; 37. 35, 23. 41,
37. 128, 3. 132, 21. 13; 22; 34. 42, 15;20; 301
5. 197,15. 230, 31. 238, 32. 43, 51 7. 44, 28. 45,11;
39,38.243,9;11.249,10 12, 23, 46,18. 47, 9. 50,
1111551151,30. 12032. 22. 61, 11. 65, 25. 69, 11.
9111131, 26. 88,22.110,29. 131, 8153,
nus sinus 305, 7. 6;11. 171, 22, 26 268, 30.
on 282, 26. 270, 22; 32; 34. 283, 2. sori·
tus 301, 23. 51176,Ῑο epistolae 40, 23.
113920. , 69, 20. ad senatum 22, 37.
212, 36. α11Α11911111111169,10.(111Α11·
296, 7. 911111) 38, 29. 39, 25. 42, 8.
118716. 44, 5. 50, 22. 66, 7. 68, 29.
1,]1.305,20.11ο1·111157 69,2.(1110111)111111115)17130.
A. st Anien 312, 6. Antonius triumviri 1. 45, 18. 88, 8.
nasus Lucanus 299, 10- lulius Antonius triumviri 1. 148,
6. 301,33;36.1111’11’ 20 265, 9.

299, 14. famoso comune 11111511155151511115511111172, 3.
31 ²Neronis laudibus 290, Antonio minor triumviri 1 Au-
111151101119111111511299, 15. gusto 119.5. 123,1. 125,
111515111115301, 36. 9. 129, 18; 38. 132, 35.
151518111111143 10. 173, 148, 18. 149, 3· 38. 153, 1.
13 187, 36. 196, 35. 301, 226, 2

32; 38 GAntonius triumviri 11515116 31.
scribit (51515511551195-5115155151 triumviri 11511141,
nt videtur) 117, 9. 23. 43, 12· 29. 88, 30. 88,
(0151111111511)112,13.17135.511·151168,30.
0111151176, 13. 15151150111015511111.15316.
51111125, 5. 162, 131 21. 163, 13. 187, 25.
5133 4. M. Α1151111111195ο260,7;27.
1110119111111287,28. 261,34.111 Latino 1111111111
ius Commagenus 126, 9. 260, 21.

ius quidam 215, 20. M. Α11511111515111111272,17.

 

